0.10062 0.73407
0.20087 0.73389
0.29967 0.73148
0.39146 0.72463
0.46510 0.70696
0.51725 0.67759
0.55493 0.64397
0.58371 0.61139
0.61024 0.58449
0.63127 0.55826
0.64878 0.53367
0.66550 0.51278
0.67859 0.49188
0.69063 0.47315
0.70255 0.45662
0.71281 0.44060
0.72137 0.42540
0.72878 0.41064
0.73594 0.39731
0.74296 0.38531
0.75046 0.37434
0.75721 0.36397
0.76356 0.35427
0.76993 0.34519
0.77537 0.33646
0.77994 0.32822
0.78451 0.32053
0.78933 0.31324
0.79331 0.30617
0.79665 0.29921
0.80063 0.29283
0.80377 0.28645
0.80722 0.28043
0.81082 0.27462
0.81350 0.26895
0.81698 0.26364
0.81919 0.25821
0.82185 0.25318
0.82445 0.24834
0.82695 0.24372
0.82948 0.23938
0.83175 0.23516
0.83342 0.23103
0.83516 0.22711
0.83714 0.22341
0.83957 0.21994
0.84169 0.21653
0.84372 0.21327
0.84546 0.21010
0.84720 0.20690
0.84888 0.20378
0.85037 0.20064
0.85161 0.19758
0.85308 0.19461
0.85408 0.19169
0.85527 0.18889
0.85708 0.18624
0.85825 0.18361
0.85942 0.18106
0.86091 0.17863
0.86224 0.17625
0.86351 0.17399
0.86501 0.17178
0.86649 0.16951
0.86739 0.16725
0.86837 0.16503
0.86935 0.16286
0.87010 0.16074
0.87106 0.15867
0.87241 0.15671
0.87324 0.15476
0.87404 0.15287
0.87469 0.15100
0.87536 0.14919
0.87622 0.14744
0.87750 0.14578
0.87841 0.14410
0.87940 0.14251
0.88017 0.14092
0.88069 0.13935
0.88135 0.13784
0.88221 0.13636
0.88291 0.13491
0.88374 0.13351
0.88446 0.13213
0.88511 0.13078
0.88587 0.12948
0.88653 0.12817
0.88703 0.12690
0.88744 0.12564
0.88785 0.12442
0.88830 0.12321
0.88883 0.12204
0.88933 0.12089
0.88970 0.11977
0.89009 0.11866
0.89080 0.11761
0.89136 0.11656
0.89179 0.11552
0.89239 0.11451
0.89287 0.11352
0.89350 0.11255
0.89406 0.11160
0.89441 0.11065
0.89498 0.10974
0.89533 0.10882
0.89587 0.10795
0.89623 0.10707
0.89665 0.10621
0.89716 0.10537
0.89749 0.10453
0.89804 0.10373
0.89857 0.10295
0.89923 0.10217
0.89982 0.10142
0.90055 0.10069
0.90085 0.09995
0.90113 0.09921
0.90166 0.09850
0.90207 0.09780
0.90255 0.09712
0.90308 0.09644
0.90365 0.09578
0.90420 0.09513
0.90490 0.09449
0.90511 0.09384
0.90549 0.09321
0.90590 0.09260
0.90624 0.09199
0.90650 0.09138
0.90707 0.09080
0.90771 0.09024
0.90799 0.08966
0.90843 0.08910
0.90905 0.08856
0.90934 0.08800
0.90961 0.08745
0.90997 0.08691
0.91043 0.08639
0.91080 0.08587
0.91098 0.08534
0.91143 0.08484
0.91181 0.08434
0.91217 0.08385
0.91267 0.08337
0.91296 0.08288
0.91335 0.08241
0.91389 0.08195
0.91410 0.08148
0.91437 0.08103
0.91484 0.08059
0.91526 0.08015
0.91564 0.07971
0.91618 0.07928
0.91663 0.07886
0.91700 0.07844
0.91711 0.07801
0.91766 0.07760
0.91792 0.07719
0.91819 0.07680
0.91869 0.07641
0.91881 0.07602
0.91933 0.07564
0.91960 0.07525
0.91982 0.07487
0.92020 0.07449
0.92041 0.07411
0.92065 0.07374
0.92095 0.07339
0.92127 0.07302
0.92157 0.07267
0.92180 0.07233
0.92202 0.07198
0.92224 0.07163
0.92253 0.07131
0.92290 0.07098
0.92341 0.07066
0.92359 0.07033
0.92395 0.07001
0.92420 0.06970
0.92460 0.06939
0.92490 0.06908
0.92526 0.06877
0.92542 0.06846
0.92601 0.06813
0.92656 0.06781
0.92691 0.06747
0.92749 0.06716
0.92784 0.06684
0.92797 0.06650
0.92825 0.06618
0.92840 0.06585
0.92861 0.06554
0.92882 0.06523
0.92896 0.06491
0.92912 0.06460
0.92945 0.06430
0.92989 0.06400
0.93023 0.06371
0.93050 0.06342
0.93086 0.06313
0.93101 0.06284
0.93120 0.06256
0.93138 0.06227
0.93144 0.06198
0.93164 0.06170
0.93195 0.06143
0.93243 0.06116
0.93278 0.06090
0.93302 0.06063
0.93319 0.06036
0.93333 0.06009
0.93359 0.05983
0.93384 0.05957
0.93434 0.05932
0.93460 0.05907
0.93481 0.05882
0.93504 0.05856
0.93526 0.05832
0.93549 0.05808
0.93564 0.05783
0.93570 0.05759
0.93596 0.05736
0.93615 0.05711
0.93629 0.05688
0.93639 0.05665
0.93653 0.05641
0.93664 0.05618
0.93674 0.05595
0.93689 0.05572
0.93700 0.05550
0.93704 0.05527
0.93724 0.05505
0.93741 0.05483
0.93766 0.05462
0.93787 0.05441
0.93804 0.05420
0.93824 0.05399
0.93854 0.05378
0.93883 0.05358
0.93899 0.05337
0.93931 0.05317
0.93960 0.05298
0.93989 0.05278
0.94042 0.05259
0.94043 0.05238
0.94065 0.05219
0.94084 0.05200
0.94119 0.05181
0.94141 0.05162
0.94169 0.05143
0.94205 0.05125
0.94221 0.05106
0.94236 0.05087
0.94270 0.05070
0.94298 0.05052
0.94315 0.05034
0.94337 0.05016
0.94360 0.04999
0.94365 0.04981
0.94392 0.04964
0.94398 0.04946
0.94418 0.04928
0.94432 0.04911
0.94447 0.04894
0.94458 0.04877
0.94459 0.04860
0.94469 0.04843
0.94490 0.04826
0.94497 0.04809
0.94504 0.04793
0.94511 0.04776
0.94523 0.04760
0.94537 0.04744
0.94563 0.04729
0.94575 0.04713
0.94590 0.04697
0.94601 0.04682
0.94613 0.04666
0.94621 0.04651
0.94623 0.04635
0.94635 0.04619
0.94642 0.04604
0.94659 0.04589
0.94663 0.04574
0.94678 0.04559
0.94693 0.04544
0.94711 0.04530
0.94722 0.04515
0.94736 0.04501
0.94747 0.04487
0.94758 0.04472
0.94772 0.04458
0.94792 0.04444
0.94811 0.04430
0.94824 0.04416
0.94831 0.04402
0.94837 0.04388
0.94851 0.04374
0.94873 0.04361
0.94892 0.04347
0.94893 0.04333
0.94907 0.04320
0.94921 0.04306
0.94927 0.04293
0.94938 0.04280
0.94951 0.04267
0.94963 0.04254
0.94970 0.04241
0.94977 0.04228
0.94993 0.04215
0.95003 0.04202
0.95019 0.04190
0.95036 0.04177
0.95055 0.04165
0.95058 0.04153
0.95067 0.04140
0.95080 0.04128
0.95092 0.04116
0.95102 0.04104
0.95102 0.04091
0.95114 0.04079
0.95122 0.04067
0.95127 0.04055
0.95132 0.04043
0.95137 0.04032
0.95152 0.04020
0.95156 0.04009
0.95169 0.03997
0.95191 0.03986
0.95207 0.03975
0.95229 0.03963
0.95236 0.03952
0.95247 0.03941
0.95253 0.03931
0.95269 0.03920
0.95272 0.03909
0.95279 0.03898
0.95286 0.03887
0.95286 0.03876
0.95288 0.03865
0.95306 0.03855
0.95309 0.03844
0.95320 0.03834
0.95323 0.03823
0.95334 0.03813
0.95344 0.03803
0.95358 0.03793
0.95367 0.03782
0.95370 0.03772
0.95381 0.03762
0.95385 0.03752
0.95389 0.03742
0.95394 0.03732
0.95403 0.03722
0.95415 0.03713
0.95418 0.03703
0.95420 0.03693
0.95433 0.03683
0.95438 0.03674
0.95443 0.03664
0.95449 0.03655
0.95450 0.03645
0.95466 0.03636
0.95481 0.03626
0.95488 0.03617
0.95506 0.03608
0.95509 0.03599
0.95515 0.03589
0.95527 0.03580
0.95539 0.03571
0.95550 0.03562
0.95560 0.03553
0.95582 0.03545
0.95597 0.03536
0.95614 0.03527
0.95617 0.03518
0.95620 0.03509
0.95627 0.03501
0.95629 0.03492
0.95636 0.03483
0.95656 0.03475
0.95658 0.03466
0.95659 0.03457
0.95664 0.03448
0.95680 0.03440
0.95681 0.03432
0.95684 0.03423
0.95687 0.03415
0.95690 0.03406
0.95701 0.03398
0.95702 0.03390
0.95706 0.03381
0.95722 0.03373
0.95733 0.03365
0.95746 0.03357
0.95753 0.03349
0.95755 0.03341
0.95765 0.03333
0.95775 0.03325
0.95791 0.03317
0.95810 0.03310
0.95813 0.03302
0.95814 0.03294
0.95814 0.03286
0.95818 0.03278
0.95828 0.03270
0.95832 0.03262
0.95844 0.03255
0.95851 0.03247
0.95853 0.03240
0.95863 0.03232
0.95867 0.03225
0.95878 0.03217
0.95903 0.03210
0.95917 0.03203
0.95919 0.03195
0.95928 0.03188
0.95955 0.03181
0.95969 0.03174
0.95988 0.03167
0.96001 0.03159
0.96011 0.03152
0.96022 0.03145
0.96032 0.03138
0.96040 0.03131
0.96047 0.03124
0.96055 0.03117
0.96061 0.03110
0.96067 0.03103
0.96085 0.03096
0.96126 0.03090
0.96132 0.03083
0.96137 0.03076
0.96143 0.03069
0.96156 0.03063
0.96162 0.03056
0.96167 0.03049
0.96182 0.03043
0.96189 0.03036
0.96192 0.03029
0.96200 0.03023
0.96203 0.03016
0.96214 0.03010
0.96226 0.03004
0.96234 0.02997
0.96244 0.02991
0.96248 0.02984
0.96269 0.02978
0.96273 0.02972
0.96278 0.02966
0.96289 0.02959
0.96305 0.02953
0.96316 0.02947
0.96326 0.02941
0.96338 0.02935
0.96346 0.02928
0.96351 0.02922
0.96370 0.02916
0.96377 0.02910
0.96378 0.02904
0.96387 0.02898
0.96399 0.02892
0.96405 0.02886
0.96429 0.02880
0.96433 0.02874
0.96434 0.02868
0.96452 0.02862
0.96465 0.02857
0.96481 0.02851
0.96485 0.02845
0.96500 0.02839
0.96508 0.02834
0.96509 0.02828
0.96528 0.02822
0.96546 0.02817
0.96549 0.02811
0.96556 0.02805
0.96566 0.02800
0.96566 0.02794
0.96576 0.02788
0.96581 0.02783
0.96589 0.02777
0.96603 0.02772
0.96627 0.02767
0.96627 0.02761
0.96634 0.02755
0.96638 0.02750
0.96662 0.02745
0.96667 0.02740
0.96687 0.02734
0.96691 0.02729
0.96696 0.02724
0.96712 0.02718
0.96728 0.02713
0.96734 0.02708
0.96741 0.02703
0.96747 0.02697
0.96754 0.02692
0.96765 0.02687
0.96775 0.02682
0.96787 0.02677
0.96797 0.02672
0.96809 0.02667
0.96827 0.02662
0.96834 0.02657
0.96837 0.02652
0.96853 0.02647
0.96866 0.02642
0.96872 0.02637
0.96878 0.02632
0.96878 0.02627
0.96880 0.02622
0.96882 0.02617
0.96887 0.02612
0.96895 0.02607
0.96899 0.02602
0.96909 0.02597
0.96916 0.02592
0.96920 0.02588
0.96923 0.02583
0.96929 0.02578
0.96932 0.02573
0.96934 0.02568
0.96942 0.02564
0.96955 0.02559
0.96971 0.02554
0.96972 0.02550
0.96986 0.02545
0.96989 0.02540
0.96995 0.02536
0.97006 0.02531
0.97015 0.02527
0.97018 0.02522
0.97019 0.02518
0.97024 0.02513
0.97024 0.02508
0.97033 0.02504
0.97045 0.02499
0.97054 0.02495
0.97069 0.02491
0.97074 0.02486
0.97075 0.02482
0.97078 0.02477
0.97091 0.02473
0.97102 0.02469
0.97105 0.02464
0.97114 0.02460
0.97114 0.02456
0.97126 0.02451
0.97129 0.02447
0.97132 0.02443
0.97148 0.02439
0.97154 0.02434
0.97160 0.02430
0.97161 0.02426
0.97165 0.02422
0.97181 0.02417
0.97191 0.02413
0.97195 0.02409
0.97203 0.02405
0.97204 0.02401
0.97208 0.02397
0.97213 0.02393
0.97225 0.02389
0.97236 0.02385
0.97245 0.02381
0.97251 0.02377
0.97253 0.02373
0.97254 0.02368
0.97265 0.02364
0.97268 0.02360
0.97272 0.02356
0.97280 0.02352
0.97287 0.02348
0.97293 0.02345
0.97303 0.02341
0.97312 0.02337
0.97312 0.02333
0.97318 0.02329
0.97320 0.02325
0.97320 0.02321
0.97327 0.02317
0.97331 0.02313
0.97331 0.02309
0.97338 0.02305
0.97340 0.02302
0.97351 0.02298
0.97358 0.02294
0.97360 0.02291
0.97360 0.02287
0.97362 0.02283
0.97364 0.02279
0.97364 0.02275
0.97367 0.02272
0.97367 0.02268
0.97373 0.02264
0.97383 0.02260
0.97389 0.02257
0.97391 0.02253
0.97391 0.02249
0.97391 0.02246
0.97404 0.02242
0.97407 0.02239
0.97414 0.02235
0.97416 0.02231
0.97417 0.02228
0.97417 0.02224
0.97423 0.02221
0.97431 0.02217
0.97444 0.02214
0.97444 0.02210
0.97450 0.02207
0.97450 0.02203
0.97460 0.02200
0.97471 0.02196
0.97479 0.02193
0.97484 0.02189
0.97491 0.02186
0.97502 0.02182
0.97507 0.02179
0.97509 0.02175
0.97522 0.02172
0.97529 0.02169
0.97530 0.02165
0.97538 0.02162
0.97550 0.02159
0.97551 0.02155
0.97563 0.02152
0.97564 0.02149
0.97569 0.02145
0.97569 0.02142
0.97589 0.02139
0.97599 0.02136
0.97600 0.02132
0.97609 0.02129
0.97609 0.02126
0.97615 0.02123
0.97627 0.02119
0.97628 0.02116
0.97630 0.02113
0.97630 0.02110
0.97634 0.02107
0.97638 0.02103
0.97644 0.02100
0.97644 0.02097
0.97660 0.02094
0.97681 0.02091
0.97689 0.02088
0.97692 0.02085
0.97700 0.02082
0.97700 0.02079
0.97700 0.02075
0.97706 0.02072
0.97718 0.02069
0.97722 0.02066
0.97722 0.02063
0.97723 0.02060
0.97730 0.02057
0.97736 0.02054
0.97740 0.02051
0.97742 0.02048
0.97742 0.02045
0.97742 0.02042
0.97742 0.02039
0.97742 0.02035
0.97761 0.02033
0.97761 0.02030
0.97761 0.02027
0.97766 0.02024
0.97789 0.02021
0.97800 0.02018
0.97802 0.02015
0.97809 0.02012
0.97809 0.02009
0.97809 0.02006
0.97817 0.02003
0.97818 0.02000
0.97831 0.01997
0.97836 0.01995
0.97837 0.01992
0.97853 0.01989
0.97860 0.01986
0.97863 0.01983
0.97867 0.01980
0.97867 0.01978
0.97870 0.01975
0.97879 0.01972
0.97883 0.01969
0.97885 0.01966
0.97885 0.01964
0.97890 0.01961
0.97890 0.01958
0.97892 0.01955
0.97900 0.01952
0.97900 0.01950
0.97900 0.01947
0.97901 0.01944
0.97915 0.01941
0.97922 0.01939
0.97928 0.01936
0.97932 0.01933
0.97934 0.01931
0.97943 0.01928
0.97955 0.01925
0.97955 0.01923
0.97960 0.01920
0.97960 0.01917
0.97965 0.01915
0.97969 0.01912
0.97969 0.01909
0.97975 0.01907
0.97982 0.01904
0.97984 0.01902
0.97999 0.01899
0.98006 0.01896
0.98006 0.01894
0.98009 0.01891
0.98019 0.01889
0.98030 0.01886
0.98051 0.01884
0.98054 0.01881
0.98056 0.01879
0.98062 0.01876
0.98069 0.01874
0.98069 0.01871
0.98069 0.01869
0.98076 0.01866
0.98078 0.01864
0.98083 0.01861
0.98089 0.01859
0.98095 0.01856
0.98095 0.01854
0.98097 0.01851
0.98110 0.01849
0.98116 0.01847
0.98120 0.01844
0.98125 0.01842
0.98133 0.01839
0.98137 0.01837
0.98139 0.01834
0.98139 0.01832
0.98150 0.01830
0.98153 0.01827
0.98161 0.01825
0.98161 0.01822
0.98163 0.01820
0.98163 0.01818
0.98170 0.01815
0.98174 0.01813
0.98178 0.01810
0.98178 0.01808
0.98185 0.01806
0.98185 0.01803
0.98185 0.01801
0.98200 0.01799
0.98200 0.01796
0.98206 0.01794
0.98214 0.01792
0.98214 0.01789
0.98220 0.01787
0.98233 0.01785
0.98237 0.01783
0.98237 0.01780
0.98247 0.01778
0.98254 0.01776
0.98265 0.01774
0.98289 0.01771
0.98298 0.01769
0.98300 0.01767
0.98300 0.01765
0.98300 0.01762
0.98305 0.01760
0.98309 0.01758
0.98319 0.01756
0.98326 0.01754
0.98340 0.01751
0.98340 0.01749
0.98340 0.01747
0.98340 0.01745
0.98340 0.01742
0.98340 0.01740
0.98340 0.01738
0.98346 0.01736
0.98349 0.01734
0.98356 0.01732
0.98375 0.01730
0.98378 0.01727
0.98378 0.01725
0.98387 0.01723
0.98394 0.01721
0.98399 0.01719
0.98399 0.01717
0.98405 0.01715
0.98411 0.01712
0.98417 0.01710
0.98420 0.01708
0.98438 0.01706
0.98438 0.01704
0.98445 0.01702
0.98445 0.01700
0.98457 0.01698
0.98464 0.01696
0.98464 0.01694
0.98466 0.01692
0.98470 0.01690
0.98476 0.01688
0.98476 0.01686
0.98481 0.01684
0.98489 0.01682
0.98495 0.01680
0.98507 0.01678
0.98509 0.01676
0.98522 0.01674
0.98527 0.01672
0.98534 0.01670
0.98534 0.01668
0.98534 0.01666
0.98534 0.01664
0.98534 0.01662
0.98537 0.01660
0.98541 0.01658
0.98541 0.01656
0.98550 0.01654
0.98558 0.01652
0.98561 0.01650
0.98575 0.01648
0.98576 0.01646
0.98576 0.01644
0.98579 0.01642
0.98585 0.01640
0.98585 0.01638
0.98591 0.01636
0.98591 0.01634
0.98597 0.01632
0.98603 0.01630
0.98603 0.01628
0.98603 0.01626
0.98608 0.01625
0.98616 0.01623
0.98625 0.01621
0.98636 0.01619
0.98647 0.01617
0.98647 0.01615
0.98647 0.01613
0.98654 0.01611
0.98654 0.01610
0.98654 0.01608
0.98654 0.01606
0.98657 0.01604
0.98660 0.01602
0.98660 0.01600
0.98660 0.01598
0.98663 0.01596
0.98666 0.01595
0.98666 0.01593
0.98666 0.01591
0.98666 0.01589
0.98674 0.01587
0.98674 0.01585
0.98674 0.01584
0.98677 0.01582
0.98677 0.01580
0.98677 0.01578
0.98685 0.01576
0.98685 0.01575
0.98685 0.01573
0.98694 0.01571
0.98694 0.01569
0.98697 0.01567
0.98697 0.01566
0.98697 0.01564
0.98719 0.01562
0.98719 0.01560
0.98728 0.01559
0.98733 0.01557
0.98744 0.01555
0.98763 0.01554
0.98763 0.01552
0.98765 0.01550
0.98777 0.01548
0.98780 0.01547
0.98783 0.01545
0.98783 0.01543
0.98789 0.01542
0.98794 0.01540
0.98794 0.01538
0.98794 0.01536
0.98801 0.01535
0.98801 0.01533
0.98806 0.01531
0.98809 0.01530
0.98816 0.01528
0.98816 0.01526
0.98820 0.01525
0.98820 0.01523
0.98829 0.01521
0.98831 0.01520
0.98831 0.01518
0.98831 0.01516
0.98831 0.01515
0.98834 0.01513
0.98834 0.01511
0.98834 0.01510
0.98834 0.01508
0.98839 0.01506
0.98839 0.01505
0.98852 0.01503
0.98855 0.01501
0.98861 0.01500
0.98861 0.01498
0.98883 0.01497
0.98883 0.01495
0.98885 0.01493
0.98885 0.01492
0.98885 0.01490
0.98890 0.01489
0.98890 0.01487
0.98890 0.01485
0.98904 0.01484
0.98904 0.01482
0.98904 0.01481
0.98907 0.01479
0.98907 0.01478
0.98907 0.01476
0.98914 0.01474
0.98914 0.01473
0.98914 0.01471
0.98917 0.01470
0.98918 0.01468
0.98918 0.01467
0.98921 0.01465
0.98921 0.01463
0.98924 0.01462
0.98924 0.01460
0.98931 0.01459
0.98937 0.01457
0.98940 0.01456
0.98940 0.01454
0.98947 0.01453
0.98947 0.01451
0.98958 0.01450
0.98958 0.01448
0.98958 0.01447
0.98958 0.01445
0.98967 0.01444
0.98967 0.01442
0.98972 0.01441
0.98972 0.01439
0.98976 0.01438
0.98980 0.01436
0.98980 0.01435
0.98980 0.01433
0.98980 0.01432
0.98981 0.01430
0.98990 0.01429
0.98990 0.01427
0.98998 0.01426
0.99015 0.01425
0.99015 0.01423
0.99025 0.01422
0.99028 0.01420
0.99029 0.01419
0.99032 0.01417
0.99043 0.01416
0.99044 0.01415
0.99047 0.01413
0.99048 0.01412
0.99053 0.01411
0.99063 0.01409
0.99065 0.01408
0.99076 0.01406
0.99079 0.01405
0.99083 0.01404
0.99094 0.01402
0.99101 0.01401
0.99107 0.01400
0.99108 0.01398
0.99110 0.01397
0.99111 0.01396
0.99115 0.01394
0.99119 0.01393
0.99126 0.01392
0.99131 0.01390
0.99142 0.01389
0.99149 0.01388
0.99150 0.01386
0.99162 0.01385
0.99163 0.01384
0.99164 0.01382
0.99172 0.01381
0.99173 0.01380
0.99173 0.01378
0.99174 0.01377
0.99175 0.01376
0.99186 0.01374
0.99190 0.01373
0.99190 0.01372
0.99195 0.01370
0.99198 0.01369
0.99202 0.01368
0.99209 0.01366
0.99217 0.01365
0.99228 0.01364
0.99231 0.01363
0.99249 0.01361
0.99259 0.01360
0.99263 0.01359
0.99265 0.01357
0.99266 0.01356
0.99270 0.01355
0.99279 0.01354
0.99281 0.01352
0.99291 0.01351
0.99294 0.01350
0.99294 0.01349
0.99298 0.01347
0.99298 0.01346
0.99304 0.01345
0.99306 0.01344
0.99310 0.01342
0.99310 0.01341
0.99311 0.01340
0.99318 0.01339
0.99322 0.01337
0.99322 0.01336
0.99325 0.01335
0.99325 0.01333
0.99326 0.01332
0.99326 0.01331
0.99326 0.01330
0.99326 0.01328
0.99330 0.01327
0.99330 0.01326
0.99330 0.01325
0.99333 0.01323
0.99333 0.01322
0.99334 0.01321
0.99337 0.01320
0.99340 0.01318
0.99341 0.01317
0.99346 0.01316
0.99346 0.01315
0.99346 0.01313
0.99350 0.01312
0.99356 0.01311
0.99356 0.01310
0.99356 0.01309
0.99356 0.01307
0.99358 0.01306
0.99360 0.01305
0.99370 0.01304
0.99373 0.01303
0.99373 0.01301
0.99373 0.01300
0.99373 0.01299
0.99377 0.01298
0.99379 0.01297
0.99379 0.01295
0.99383 0.01294
0.99383 0.01293
0.99390 0.01292
0.99391 0.01291
0.99394 0.01289
0.99394 0.01288
0.99395 0.01287
0.99401 0.01286
0.99407 0.01285
0.99408 0.01284
0.99413 0.01283
0.99420 0.01281
0.99420 0.01280
0.99420 0.01279
0.99421 0.01278
0.99428 0.01277
0.99428 0.01276
0.99428 0.01274
0.99435 0.01273
0.99435 0.01272
0.99439 0.01271
0.99439 0.01270
0.99439 0.01269
0.99444 0.01268
0.99446 0.01266
0.99448 0.01265
0.99448 0.01264
0.99448 0.01263
0.99449 0.01262
0.99456 0.01261
0.99456 0.01260
0.99460 0.01258
0.99463 0.01257
0.99470 0.01256
0.99472 0.01255
0.99478 0.01254
0.99478 0.01253
0.99478 0.01252
0.99479 0.01251
0.99479 0.01250
0.99487 0.01248
0.99495 0.01247
0.99498 0.01246
0.99498 0.01245
0.99500 0.01244
0.99504 0.01243
0.99504 0.01242
0.99504 0.01241
0.99504 0.01240
0.99504 0.01239
0.99504 0.01237
0.99504 0.01236
0.99509 0.01235
0.99509 0.01234
0.99509 0.01233
0.99522 0.01232
0.99526 0.01231
0.99526 0.01230
0.99532 0.01229
0.99532 0.01228
0.99535 0.01227
0.99536 0.01226
0.99536 0.01225
0.99548 0.01223
0.99548 0.01222
0.99552 0.01221
0.99556 0.01220
0.99556 0.01219
0.99563 0.01218
0.99566 0.01217
0.99566 0.01216
0.99574 0.01215
0.99574 0.01214
0.99574 0.01213
0.99575 0.01212
0.99575 0.01211
0.99586 0.01210
0.99586 0.01209
0.99588 0.01208
0.99591 0.01207
0.99592 0.01206
0.99596 0.01205
0.99603 0.01204
0.99610 0.01203
0.99610 0.01202
0.99613 0.01201
0.99623 0.01200
0.99634 0.01199
0.99639 0.01198
0.99639 0.01197
0.99642 0.01196
0.99645 0.01195
0.99648 0.01194
0.99648 0.01193
0.99649 0.01192
0.99652 0.01191
0.99656 0.01190
0.99659 0.01189
0.99663 0.01188
0.99680 0.01187
0.99680 0.01186
0.99689 0.01185
0.99693 0.01184
0.99693 0.01183
0.99696 0.01182
0.99699 0.01181
0.99703 0.01180
0.99703 0.01179
0.99703 0.01178
0.99703 0.01177
0.99710 0.01176
0.99714 0.01175
0.99723 0.01174
0.99723 0.01173
0.99727 0.01172
0.99727 0.01171
0.99727 0.01170
0.99727 0.01169
0.99727 0.01168
0.99734 0.01167
0.99737 0.01166
0.99737 0.01165
0.99737 0.01164
0.99737 0.01163
0.99740 0.01162
0.99740 0.01161
0.99743 0.01160
0.99743 0.01159
0.99743 0.01158
0.99743 0.01157
0.99743 0.01156
0.99747 0.01155
0.99747 0.01155
0.99747 0.01154
0.99747 0.01153
0.99760 0.01152
0.99763 0.01151
0.99767 0.01150
0.99767 0.01149
0.99767 0.01148
0.99783 0.01147
0.99786 0.01146
0.99790 0.01145
0.99790 0.01144
0.99790 0.01143
0.99797 0.01142
0.99813 0.01141
0.99813 0.01141
0.99813 0.01140
0.99825 0.01139
0.99825 0.01138
0.99825 0.01137
0.99832 0.01136
0.99836 0.01135
0.99839 0.01134
0.99839 0.01133
0.99845 0.01132
0.99851 0.01131
0.99858 0.01130
0.99861 0.01130
0.99865 0.01129
0.99877 0.01128
0.99877 0.01127
0.99877 0.01126
0.99877 0.01125
0.99880 0.01124
0.99880 0.01123
0.99884 0.01122
0.99884 0.01121
0.99900 0.01121
0.99903 0.01120
0.99925 0.01119
0.99925 0.01118
0.99931 0.01117
0.99931 0.01116
0.99953 0.01115
0.99981 0.01115
0.99984 0.01114
0.99988 0.01113
0.99994 0.01112
1.00000 0.01111
